benchmark        lang  mods checks    O3 s | thorough s    (max)   pf |   fast s   (max)   pf |  light s   (max)   pf
sha256           Swift    1     36    0.11 |       2.72     2.72    8 |     0.42    0.42    1 |     0.35    0.35    0
base64           Swift    1     27    0.09 |       5.15     5.15    7 |     0.48    0.48    0 |     0.25    0.25    0
lz77             Swift    1     27    0.10 |      12.85    12.85    7 |     0.28    0.28    3 |     0.24    0.24    1
crc32            Swift    1     37    0.11 |       4.09     4.09   11 |     0.46    0.46    0 |     0.38    0.38    0
adler32          Swift    1     38    0.10 |       5.85     5.85    2 |     0.45    0.45    2 |     0.26    0.26    1
sha1             Swift    1     24    0.11 |       1.93     1.93    2 |     0.26    0.26    2 |     0.23    0.23    0
md5              Swift    1     25    0.11 |       2.38     2.38    1 |     0.28    0.28    1 |     0.24    0.24    0
utf8             Swift    1     21    0.08 |       0.90     0.90    4 |     0.22    0.22    2 |     0.16    0.16    1
cryptoswift      Swift    1   2696    4.88 |     714.96   714.96  376 |    40.42   40.42  160 |    21.30   21.30   68
rs_lz77_bench    Rust     1      4    0.04 |       5.16     5.16    2 |     0.46    0.46    0 |     0.09    0.09    0
rs_matmul_bench  Rust     1      4    0.03 |       1.62     1.62    2 |     0.40    0.40    2 |     0.13    0.13    0
jl_jl_gemm_base  Julia    1     16    0.05 |      14.57    14.57   14 |     0.22    0.22    9 |     0.15    0.15    0
jl_lz77          Julia    1      4    0.03 |      38.79    38.79    2 |     0.11    0.11    0 |     0.08    0.08    0
jl_matmul        Julia    1      3    0.02 |     114.84   114.84    3 |     0.48    0.48    0 |     0.15    0.15    0
jl_sha256        Julia    1     16    0.06 |     282.35   282.35   14 |     1.97    1.97    0 |     0.38    0.38    0
zstd             C       18    606    8.73 |     353.41   164.03   82 |    31.41   20.66   30 |     7.93    1.94   27
zlib             C       14   1554    2.23 |    2996.30  2277.15  289 |   436.64  406.93  135 |    48.00   33.77   80
